{server.py: 1528269218.7350614, simple.py: 1527245383.1193473, static/css/app.css: 1527258978.6899326,
  static/css/widgets.css: 1528553712.4672408, static/js/app.js: 1528554180.8921897,
  templates/index.html: 1527253422.5379329, transcrypt/app.py: 1528554172.9835424,
  transcrypt/client.py: 1528552006.1307175, transcrypt/dom.py: 1528551963.1843002,
  transcrypt/schemawidgets.py: 1528553770.1972957, transcrypt/utils.py: 1528554171.928489,
  transcrypt/widgets.py: 1528467599.2613447}
