{server.py: 1529163058.333796, serverutils/process.py: 1529082949.410088, serverutils/utils.py: 1529083856.8936834,
  simple.py: 1529083842.8355522, static/css/app.css: 1528979355.7641523, static/css/widgets.css: 1528979355.7641523,
  static/js/app.js: 1529167042.5913858, templates/index.html: 1528981493.1085827,
  transcrypt/app.py: 1529167028.570007, transcrypt/client.py: 1529166488.6988978,
  transcrypt/dom.py: 1528979355.795409, transcrypt/schemawidgets.py: 1528979355.795409,
  transcrypt/utils.py: 1529161728.5699847, transcrypt/widgets.py: 1529084414.556556}
