{server.py: 1529418207.7844203, serverutils/process.py: 1529082949.410088, serverutils/utils.py: 1529571550.7631176,
  simple.py: 1529656767.261084, static/css/app.css: 1528979355.7641523, static/css/widgets.css: 1529907788.048125,
  static/js/app.js: 1529908067.7030387, templates/index.html: 1528981493.1085827,
  transcrypt/app.py: 1529908062.771658, transcrypt/client.py: 1529665635.7755609,
  transcrypt/dom.py: 1529593170.882413, transcrypt/schemawidgets.py: 1529907787.9287167,
  transcrypt/utils.py: 1529175149.823484, transcrypt/widgets.py: 1529665635.7575493}
