{server.py: 1530545357.2546122, serverutils/process.py: 1530299519.7417598, serverutils/utils.py: 1530292888.8291283,
  simple.py: 1530359039.2480843, static/css/app.css: 1528979355.7641523, static/css/widgets.css: 1530602301.372002,
  static/js/app.js: 1530615097.3094032, templates/index.html: 1530367957.4540925,
  transcrypt/app.py: 1530615089.4196472, transcrypt/board.py: 1530614833.995616, transcrypt/client.py: 1530598881.063275,
  transcrypt/dirbrowser.py: 1530299519.7638907, transcrypt/dom.py: 1530615088.4498618,
  transcrypt/schemawidgets.py: 1530598880.9476163, transcrypt/utils.py: 1530614982.5339215,
  transcrypt/widgets.py: 1529665635.7575493}
