{server.py: 1529418207.7844203, serverutils/process.py: 1529082949.410088, serverutils/utils.py: 1529174008.0077987,
  simple.py: 1529390043.9726093, static/css/app.css: 1528979355.7641523, static/css/widgets.css: 1529494047.5430286,
  static/js/app.js: 1529498572.6672528, templates/index.html: 1528981493.1085827,
  transcrypt/app.py: 1529498566.5122128, transcrypt/client.py: 1529496825.1835778,
  transcrypt/dom.py: 1529494047.2734509, transcrypt/schemawidgets.py: 1529494047.373728,
  transcrypt/utils.py: 1529175149.823484, transcrypt/widgets.py: 1529498565.8546443}
