{server.py: 1531061830.16777, serverutils/process.py: 1530299519.7417598, serverutils/utils.py: 1530952513.4304366,
  simple.py: 1531068752.3513985, static/css/app.css: 1528979355.7641523, static/css/widgets.css: 1531061830.0987444,
  static/js/app.js: 1531069030.9989088, templates/index.html: 1530367957.4540925,
  transcrypt/app.py: 1531069026.648849, transcrypt/board.py: 1531069026.0291724, transcrypt/client.py: 1531061829.9138188,
  transcrypt/dirbrowser.py: 1530299519.7638907, transcrypt/dom.py: 1530952513.175536,
  transcrypt/schemawidgets.py: 1530598880.9476163, transcrypt/utils.py: 1531068190.8197887,
  transcrypt/widgets.py: 1530863118.5279534}
