{server.py: 1529418207.7844203, serverutils/process.py: 1529082949.410088, serverutils/utils.py: 1529174008.0077987,
  simple.py: 1529390043.9726093, static/css/app.css: 1528979355.7641523, static/css/widgets.css: 1529492603.1778822,
  static/js/app.js: 1529493547.932739, templates/index.html: 1528981493.1085827, transcrypt/app.py: 1529493539.3652706,
  transcrypt/client.py: 1529491354.572693, transcrypt/dom.py: 1529492145.8505497,
  transcrypt/schemawidgets.py: 1529493410.9987419, transcrypt/utils.py: 1529175149.823484,
  transcrypt/widgets.py: 1529493538.7893853}
