{server.py: 1529418207.7844203, serverutils/process.py: 1529082949.410088, serverutils/utils.py: 1529571550.7631176,
  simple.py: 1529656211.4427454, static/css/app.css: 1528979355.7641523, static/css/widgets.css: 1529593171.0674899,
  static/js/app.js: 1529656507.392211, templates/index.html: 1528981493.1085827, transcrypt/app.py: 1529656504.4718025,
  transcrypt/client.py: 1529656503.8189318, transcrypt/dom.py: 1529593170.882413,
  transcrypt/schemawidgets.py: 1529593170.882413, transcrypt/utils.py: 1529175149.823484,
  transcrypt/widgets.py: 1529498858.2739305}
