{server.py: 1528737322.5051322, serverutils/process.py: 1528643240.5926368, serverutils/utils.py: 1528784477.497888,
  simple.py: 1528737943.8667939, static/css/app.css: 1527258978.6899326, static/css/widgets.css: 1528788597.0354807,
  static/js/app.js: 1528784914.824162, templates/index.html: 1527253422.5379329, transcrypt/app.py: 1528784911.8991997,
  transcrypt/client.py: 1528783323.7286015, transcrypt/dom.py: 1528784911.4727285,
  transcrypt/schemawidgets.py: 1528553770.1972957, transcrypt/utils.py: 1528564280.7487645,
  transcrypt/widgets.py: 1528784059.3203223}
