{server.py: 1528269218.7350614, simple.py: 1527245383.1193473, static/css/app.css: 1527258978.6899326,
  static/css/widgets.css: 1528477491.841131, static/js/app.js: 1528478808.2144523,
  templates/index.html: 1527253422.5379329, transcrypt/app.py: 1528478805.7139347,
  transcrypt/client.py: 1528451866.2425265, transcrypt/dom.py: 1528300371.3629856,
  transcrypt/schemawidgets.py: 1528478804.7780833, transcrypt/utils.py: 1528296339.3916016,
  transcrypt/widgets.py: 1528467599.2613447}
