{server.py: 1531073113.2091665, serverutils/process.py: 1530299519.7417598, serverutils/utils.py: 1531080487.0428047,
  simple.py: 1531134062.9253075, static/css/app.css: 1528979355.7641523, static/css/widgets.css: 1531139555.2979531,
  static/js/app.js: 1531139651.98615, templates/index.html: 1530367957.4540925, transcrypt/app.py: 1531139643.120487,
  transcrypt/board.py: 1531139606.7306013, transcrypt/client.py: 1531135145.2276647,
  transcrypt/dirbrowser.py: 1530299519.7638907, transcrypt/dom.py: 1531080486.9115276,
  transcrypt/schemawidgets.py: 1531136308.054789, transcrypt/utils.py: 1531136395.5398655,
  transcrypt/widgets.py: 1531081688.524711}
