{server.py: 1530545357.2546122, serverutils/process.py: 1530299519.7417598, serverutils/utils.py: 1530292888.8291283,
  simple.py: 1530359039.2480843, static/css/app.css: 1528979355.7641523, static/css/widgets.css: 1530724774.743973,
  static/js/app.js: 1530725439.877662, templates/index.html: 1530367957.4540925, transcrypt/app.py: 1530725430.5233908,
  transcrypt/board.py: 1530725429.7070837, transcrypt/client.py: 1530598881.063275,
  transcrypt/dirbrowser.py: 1530299519.7638907, transcrypt/dom.py: 1530724890.2201521,
  transcrypt/schemawidgets.py: 1530598880.9476163, transcrypt/utils.py: 1530629249.442466,
  transcrypt/widgets.py: 1529665635.7575493}
