{server.py: 1531750184.9849422, serverutils/process.py: 1530299519.7417598, serverutils/utils.py: 1531080487.0428047,
  simple.py: 1531745525.3609145, static/css/app.css: 1528979355.7641523, static/css/widgets.css: 1531748628.398256,
  static/js/app.js: 1531750622.720388, templates/index.html: 1530367957.4540925, transcrypt/app.py: 1531750610.9338043,
  transcrypt/basicboard.py: 1531515525.1018507, transcrypt/board.py: 1531510326.3349173,
  transcrypt/client.py: 1531747232.1095896, transcrypt/dirbrowser.py: 1531748474.5979638,
  transcrypt/dom.py: 1531747232.078347, transcrypt/schemawidgets.py: 1531139780.7377706,
  transcrypt/utils.py: 1531515525.0862243, transcrypt/widgets.py: 1531750471.0616148}
