{server.py: 1531151163.6587985, serverutils/process.py: 1530299519.7417598, serverutils/utils.py: 1531080487.0428047,
  simple.py: 1531327544.40169, static/css/app.css: 1528979355.7641523, static/css/widgets.css: 1531478478.554042,
  static/js/app.js: 1531510173.3408365, templates/index.html: 1530367957.4540925,
  transcrypt/app.py: 1531510168.1288438, transcrypt/basicboard.py: 1531328676.6849203,
  transcrypt/board.py: 1531510055.084587, transcrypt/client.py: 1531328676.6632833,
  transcrypt/dirbrowser.py: 1530299519.7638907, transcrypt/dom.py: 1531222468.336858,
  transcrypt/schemawidgets.py: 1531139780.7377706, transcrypt/utils.py: 1531302343.404472,
  transcrypt/widgets.py: 1531081688.524711}
