{server.py: 1530523003.759622, serverutils/process.py: 1530299519.7417598, serverutils/utils.py: 1530292888.8291283,
  simple.py: 1530359039.2480843, static/css/app.css: 1528979355.7641523, static/css/widgets.css: 1530523003.7283638,
  static/js/app.js: 1530524600.1318707, templates/index.html: 1530367957.4540925,
  transcrypt/app.py: 1530524593.497859, transcrypt/board.py: 1530524402.471017, transcrypt/client.py: 1530524569.9163096,
  transcrypt/dirbrowser.py: 1530299519.7638907, transcrypt/dom.py: 1530454540.0666425,
  transcrypt/schemawidgets.py: 1529942700.782554, transcrypt/utils.py: 1530454540.0666425,
  transcrypt/widgets.py: 1529665635.7575493}
