{server.py: 1530272701.2641478, serverutils/process.py: 1530298340.149407, serverutils/utils.py: 1530292888.8291283,
  simple.py: 1530299251.9439514, static/css/app.css: 1528979355.7641523, static/css/widgets.css: 1530292888.8135023,
  static/js/app.js: 1530298041.712713, templates/index.html: 1528981493.1085827, transcrypt/app.py: 1530298037.5636976,
  transcrypt/client.py: 1530269254.9459734, transcrypt/dirbrowser.py: 1530298036.4794822,
  transcrypt/dom.py: 1529593170.882413, transcrypt/schemawidgets.py: 1529942700.782554,
  transcrypt/utils.py: 1530269254.8990974, transcrypt/widgets.py: 1529665635.7575493}
