{server.py: 1528269218.7350614, simple.py: 1527245383.1193473, static/css/app.css: 1527258978.6899326,
  static/css/widgets.css: 1528443261.1339138, static/js/app.js: 1528451869.1490571,
  templates/index.html: 1527253422.5379329, transcrypt/app.py: 1528451867.215552,
  transcrypt/client.py: 1528451866.2425265, transcrypt/dom.py: 1528300371.3629856,
  transcrypt/schemawidgets.py: 1528449384.1900842, transcrypt/utils.py: 1528296339.3916016,
  transcrypt/widgets.py: 1528449392.5032713}
