{server.py: 1528979355.7483366, serverutils/process.py: 1528979355.7483366, serverutils/utils.py: 1529048466.8960595,
  simple.py: 1529058713.4197042, static/css/app.css: 1528979355.7641523, static/css/widgets.css: 1528979355.7641523,
  static/js/app.js: 1529049395.9472702, templates/index.html: 1528981493.1085827,
  transcrypt/app.py: 1529049388.6192026, transcrypt/client.py: 1529049387.514371,
  transcrypt/dom.py: 1528979355.795409, transcrypt/schemawidgets.py: 1528979355.795409,
  transcrypt/utils.py: 1528979355.795409, transcrypt/widgets.py: 1528979355.8110337}
