{server.py: 1531750794.0200803, serverutils/process.py: 1530299519.7417598, serverutils/utils.py: 1531080487.0428047,
  simple.py: 1531745525.3609145, static/css/app.css: 1528979355.7641523, static/css/widgets.css: 1531750793.982314,
  static/js/app.js: 1531751836.3342698, templates/index.html: 1530367957.4540925,
  transcrypt/app.py: 1531751824.5885909, transcrypt/basicboard.py: 1531515525.1018507,
  transcrypt/board.py: 1531510326.3349173, transcrypt/client.py: 1531747232.1095896,
  transcrypt/dirbrowser.py: 1531750793.7817688, transcrypt/dom.py: 1531751784.3955417,
  transcrypt/schemawidgets.py: 1531139780.7377706, transcrypt/utils.py: 1531515525.0862243,
  transcrypt/widgets.py: 1531751669.9911282}
