{server.py: 1530359039.2792237, serverutils/process.py: 1530299519.7417598, serverutils/utils.py: 1530292888.8291283,
  simple.py: 1530359039.2480843, static/css/app.css: 1528979355.7641523, static/css/widgets.css: 1530367784.6472418,
  static/js/app.js: 1530367716.210282, templates/index.html: 1530367583.2579315, transcrypt/app.py: 1530367712.3683856,
  transcrypt/board.py: 1530367712.0787306, transcrypt/client.py: 1530360330.4596775,
  transcrypt/dirbrowser.py: 1530299519.7638907, transcrypt/dom.py: 1529593170.882413,
  transcrypt/schemawidgets.py: 1529942700.782554, transcrypt/utils.py: 1530269254.8990974,
  transcrypt/widgets.py: 1529665635.7575493}
