{server.py: 1528979355.7483366, serverutils/process.py: 1529082949.410088, serverutils/utils.py: 1529083856.8936834,
  simple.py: 1529083842.8355522, static/css/app.css: 1528979355.7641523, static/css/widgets.css: 1528979355.7641523,
  static/js/app.js: 1529084423.3300169, templates/index.html: 1528981493.1085827,
  transcrypt/app.py: 1529084415.4366457, transcrypt/client.py: 1529049387.514371,
  transcrypt/dom.py: 1528979355.795409, transcrypt/schemawidgets.py: 1528979355.795409,
  transcrypt/utils.py: 1528979355.795409, transcrypt/widgets.py: 1529084414.556556}
