{server.py: 1530545357.2546122, serverutils/process.py: 1530299519.7417598, serverutils/utils.py: 1530292888.8291283,
  simple.py: 1530359039.2480843, static/css/app.css: 1528979355.7641523, static/css/widgets.css: 1530628271.3617847,
  static/js/app.js: 1530629006.3253984, templates/index.html: 1530367957.4540925,
  transcrypt/app.py: 1530628997.753198, transcrypt/board.py: 1530628996.719455, transcrypt/client.py: 1530598881.063275,
  transcrypt/dirbrowser.py: 1530299519.7638907, transcrypt/dom.py: 1530628013.932578,
  transcrypt/schemawidgets.py: 1530598880.9476163, transcrypt/utils.py: 1530626483.7521865,
  transcrypt/widgets.py: 1529665635.7575493}
