{server.py: 1530522469.8688412, serverutils/process.py: 1530299519.7417598, serverutils/utils.py: 1530292888.8291283,
  simple.py: 1530359039.2480843, static/css/app.css: 1528979355.7641523, static/css/widgets.css: 1530520067.340447,
  static/js/app.js: 1530522662.9439223, templates/index.html: 1530367957.4540925,
  transcrypt/app.py: 1530522655.8681438, transcrypt/board.py: 1530522655.2690923,
  transcrypt/client.py: 1530521103.6625826, transcrypt/dirbrowser.py: 1530299519.7638907,
  transcrypt/dom.py: 1530454540.0666425, transcrypt/schemawidgets.py: 1529942700.782554,
  transcrypt/utils.py: 1530454540.0666425, transcrypt/widgets.py: 1529665635.7575493}
