{server.py: 1527496951.7673426, simple.py: 1527245383.1193473, static/css/app.css: 1527258978.6899326,
  static/css/widgets.css: 1527497368.0682428, static/js/app.js: 1527497390.5059428,
  templates/index.html: 1527253422.5379329, transcrypt/app.py: 1527497389.0448427,
  transcrypt/client.py: 1527430617.5529726, transcrypt/dom.py: 1527496201.273046,
  transcrypt/widgets.py: 1527497388.9336703}
