{server.py: 1529244996.9252627, serverutils/process.py: 1529082949.410088, serverutils/utils.py: 1529174008.0077987,
  simple.py: 1529174053.397472, static/css/app.css: 1528979355.7641523, static/css/widgets.css: 1529212125.0998223,
  static/js/app.js: 1529211514.2313993, templates/index.html: 1528981493.1085827,
  transcrypt/app.py: 1529211508.8563461, transcrypt/client.py: 1529210189.3694513,
  transcrypt/dom.py: 1528979355.795409, transcrypt/schemawidgets.py: 1529211362.230328,
  transcrypt/utils.py: 1529175149.823484, transcrypt/widgets.py: 1529211507.9508328}
