{server.py: 1529418207.7844203, serverutils/process.py: 1529082949.410088, serverutils/utils.py: 1529571550.7631176,
  simple.py: 1529571550.8946428, static/css/app.css: 1528979355.7641523, static/css/widgets.css: 1529590790.7550504,
  static/js/app.js: 1529592923.6165924, templates/index.html: 1528981493.1085827,
  transcrypt/app.py: 1529592921.1748862, transcrypt/client.py: 1529583256.7122679,
  transcrypt/dom.py: 1529590384.6914406, transcrypt/schemawidgets.py: 1529592920.7431417,
  transcrypt/utils.py: 1529175149.823484, transcrypt/widgets.py: 1529498858.2739305}
