{server.py: 1530871448.3390784, serverutils/process.py: 1530299519.7417598, serverutils/utils.py: 1530871448.3395774,
  simple.py: 1530875476.7975073, static/css/app.css: 1528979355.7641523, static/css/widgets.css: 1530863118.6751058,
  static/js/app.js: 1530875341.866157, templates/index.html: 1530367957.4540925, transcrypt/app.py: 1530875333.9164214,
  transcrypt/board.py: 1530874838.2523448, transcrypt/client.py: 1530873911.1877017,
  transcrypt/dirbrowser.py: 1530299519.7638907, transcrypt/dom.py: 1530725694.2270527,
  transcrypt/schemawidgets.py: 1530598880.9476163, transcrypt/utils.py: 1530629249.442466,
  transcrypt/widgets.py: 1530863118.5279534}
