{server.py: 1530779745.0985212, serverutils/process.py: 1530299519.7417598, serverutils/utils.py: 1530292888.8291283,
  simple.py: 1530359039.2480843, static/css/app.css: 1528979355.7641523, static/css/widgets.css: 1530786152.4990728,
  static/js/app.js: 1530786493.7308245, templates/index.html: 1530367957.4540925,
  transcrypt/app.py: 1530786488.7674153, transcrypt/board.py: 1530786488.2042506,
  transcrypt/client.py: 1530779744.8979764, transcrypt/dirbrowser.py: 1530299519.7638907,
  transcrypt/dom.py: 1530725694.2270527, transcrypt/schemawidgets.py: 1530598880.9476163,
  transcrypt/utils.py: 1530629249.442466, transcrypt/widgets.py: 1529665635.7575493}
