{server.py: 1531746213.6946006, serverutils/process.py: 1530299519.7417598, serverutils/utils.py: 1531080487.0428047,
  simple.py: 1531745525.3609145, static/css/app.css: 1528979355.7641523, static/css/widgets.css: 1531746953.2207537,
  static/js/app.js: 1531747061.9173994, templates/index.html: 1530367957.4540925,
  transcrypt/app.py: 1531747051.4140794, transcrypt/basicboard.py: 1531515525.1018507,
  transcrypt/board.py: 1531510326.3349173, transcrypt/client.py: 1531741627.8387694,
  transcrypt/dirbrowser.py: 1530299519.7638907, transcrypt/dom.py: 1531741143.537873,
  transcrypt/schemawidgets.py: 1531139780.7377706, transcrypt/utils.py: 1531515525.0862243,
  transcrypt/widgets.py: 1531746938.4216206}
