{server.py: 1528269218.7350614, simple.py: 1527245383.1193473, static/css/app.css: 1527258978.6899326,
  static/css/widgets.css: 1528298614.9652562, static/js/app.js: 1528298556.4572601,
  templates/index.html: 1527253422.5379329, transcrypt/app.py: 1528298545.5348268,
  transcrypt/client.py: 1528282707.1576405, transcrypt/dom.py: 1527690435.0062237,
  transcrypt/utils.py: 1528296339.3916016, transcrypt/widgets.py: 1528298542.2396243}
