{server.py: 1530272701.2641478, serverutils/process.py: 1529082949.410088, serverutils/utils.py: 1530269255.1151264,
  simple.py: 1530233490.508477, static/css/app.css: 1528979355.7641523, static/css/widgets.css: 1530291222.594129,
  static/js/app.js: 1530291499.952162, templates/index.html: 1528981493.1085827, transcrypt/app.py: 1530291496.4173138,
  transcrypt/client.py: 1530269254.9459734, transcrypt/dirbrowser.py: 1530291455.771844,
  transcrypt/dom.py: 1529593170.882413, transcrypt/schemawidgets.py: 1529942700.782554,
  transcrypt/utils.py: 1530269254.8990974, transcrypt/widgets.py: 1529665635.7575493}
