{server.py: 1527496951.7673426, simple.py: 1527245383.1193473, static/css/app.css: 1527258978.6899326,
  static/css/widgets.css: 1527690365.436523, static/js/app.js: 1528208334.3306596,
  templates/index.html: 1527253422.5379329, transcrypt/app.py: 1528208329.3492103,
  transcrypt/client.py: 1528208329.0167143, transcrypt/dom.py: 1527690435.0062237,
  transcrypt/utils.py: 1528208070.423393, transcrypt/widgets.py: 1527690449.6421688}
