{server.py: 1531057334.6642456, serverutils/process.py: 1530299519.7417598, serverutils/utils.py: 1530952513.4304366,
  simple.py: 1531057334.6642456, static/css/app.css: 1528979355.7641523, static/css/widgets.css: 1531057334.6637454,
  static/js/app.js: 1531061514.894186, templates/index.html: 1530367957.4540925, transcrypt/app.py: 1531061504.5814536,
  transcrypt/board.py: 1531061503.992444, transcrypt/client.py: 1531060279.6540189,
  transcrypt/dirbrowser.py: 1530299519.7638907, transcrypt/dom.py: 1530952513.175536,
  transcrypt/schemawidgets.py: 1530598880.9476163, transcrypt/utils.py: 1530952513.175536,
  transcrypt/widgets.py: 1530863118.5279534}
