{server.py: 1530875672.6865306, serverutils/process.py: 1530299519.7417598, serverutils/utils.py: 1530941855.8338861,
  simple.py: 1530952031.1617515, static/css/app.css: 1528979355.7641523, static/css/widgets.css: 1530950685.5768673,
  static/js/app.js: 1530950490.6948416, templates/index.html: 1530367957.4540925,
  transcrypt/app.py: 1530950483.0611227, transcrypt/board.py: 1530950482.0011609,
  transcrypt/client.py: 1530875672.4904892, transcrypt/dirbrowser.py: 1530299519.7638907,
  transcrypt/dom.py: 1530946011.319681, transcrypt/schemawidgets.py: 1530598880.9476163,
  transcrypt/utils.py: 1530944691.9778633, transcrypt/widgets.py: 1530863118.5279534}
