{server.py: 1528269218.7350614, simple.py: 1527245383.1193473, static/css/app.css: 1527258978.6899326,
  static/css/widgets.css: 1528363928.0041003, static/js/app.js: 1528367308.1793787,
  templates/index.html: 1527253422.5379329, transcrypt/app.py: 1528367304.3819416,
  transcrypt/client.py: 1528362789.778838, transcrypt/dom.py: 1528300371.3629856,
  transcrypt/utils.py: 1528296339.3916016, transcrypt/widgets.py: 1528367303.3245842}
