{server.py: 1528269218.7350614, simple.py: 1527245383.1193473, static/css/app.css: 1527258978.6899326,
  static/css/widgets.css: 1528288891.9283938, static/js/app.js: 1528288929.9138873,
  templates/index.html: 1527253422.5379329, transcrypt/app.py: 1528288923.5742147,
  transcrypt/client.py: 1528282707.1576405, transcrypt/dom.py: 1527690435.0062237,
  transcrypt/utils.py: 1528283785.1055021, transcrypt/widgets.py: 1528288923.0894692}
