{server.py: 1531151163.6587985, serverutils/process.py: 1530299519.7417598, serverutils/utils.py: 1531080487.0428047,
  simple.py: 1531303294.937539, static/css/app.css: 1528979355.7641523, static/css/widgets.css: 1531303665.4015844,
  static/js/app.js: 1531308298.9700253, templates/index.html: 1530367957.4540925,
  transcrypt/app.py: 1531308285.7754455, transcrypt/basicboard.py: 1531308285.1650176,
  transcrypt/board.py: 1531307860.0275838, transcrypt/client.py: 1531139780.7690165,
  transcrypt/dirbrowser.py: 1530299519.7638907, transcrypt/dom.py: 1531222468.336858,
  transcrypt/schemawidgets.py: 1531139780.7377706, transcrypt/utils.py: 1531302343.404472,
  transcrypt/widgets.py: 1531081688.524711}
