{server.py: 1528269218.7350614, simple.py: 1527245383.1193473, static/css/app.css: 1527258978.6899326,
  static/css/widgets.css: 1527690365.436523, static/js/app.js: 1528268044.731152,
  templates/index.html: 1527253422.5379329, transcrypt/app.py: 1528268033.3632226,
  transcrypt/client.py: 1528268006.3009777, transcrypt/dom.py: 1527690435.0062237,
  transcrypt/utils.py: 1528217272.033203, transcrypt/widgets.py: 1527690449.6421688}
