{server.py: 1527182590.5307374, simple.py: 1527192192.4907668, transcrypt/app.py: 1527194654.5786376,
  transcrypt/client.py: 1527193946.7173533, transcrypt/dom.py: 1527193946.7183554,
  transcrypt/widgets.py: 1527193946.7193542}
