{server.py: 1528737322.5051322, serverutils/process.py: 1528643240.5926368, serverutils/utils.py: 1528732913.510643,
  simple.py: 1528737943.8667939, static/css/app.css: 1527258978.6899326, static/css/widgets.css: 1528738249.70295,
  static/js/app.js: 1528738189.3248813, templates/index.html: 1527253422.5379329,
  transcrypt/app.py: 1528738183.0695503, transcrypt/client.py: 1528738182.225957,
  transcrypt/dom.py: 1528608695.9667432, transcrypt/schemawidgets.py: 1528553770.1972957,
  transcrypt/utils.py: 1528564280.7487645, transcrypt/widgets.py: 1528738182.226454}
