{server.py: 1531073113.2091665, serverutils/process.py: 1530299519.7417598, serverutils/utils.py: 1531080487.0428047,
  simple.py: 1531080487.0428047, static/css/app.css: 1528979355.7641523, static/css/widgets.css: 1531061830.0987444,
  static/js/app.js: 1531081694.483739, templates/index.html: 1530367957.4540925, transcrypt/app.py: 1531081689.0572946,
  transcrypt/board.py: 1531080486.927348, transcrypt/client.py: 1531061829.9138188,
  transcrypt/dirbrowser.py: 1530299519.7638907, transcrypt/dom.py: 1531080486.9115276,
  transcrypt/schemawidgets.py: 1530598880.9476163, transcrypt/utils.py: 1531081688.524711,
  transcrypt/widgets.py: 1531081688.524711}
