{server.py: 1530777526.4219031, serverutils/process.py: 1530299519.7417598, serverutils/utils.py: 1530292888.8291283,
  simple.py: 1530359039.2480843, static/css/app.css: 1528979355.7641523, static/css/widgets.css: 1530778986.7275114,
  static/js/app.js: 1530779498.4272082, templates/index.html: 1530367957.4540925,
  transcrypt/app.py: 1530779489.58828, transcrypt/board.py: 1530779401.20103, transcrypt/client.py: 1530779489.1963253,
  transcrypt/dirbrowser.py: 1530299519.7638907, transcrypt/dom.py: 1530725694.2270527,
  transcrypt/schemawidgets.py: 1530598880.9476163, transcrypt/utils.py: 1530629249.442466,
  transcrypt/widgets.py: 1529665635.7575493}
