{server.py: 1528737322.5051322, serverutils/process.py: 1528643240.5926368, serverutils/utils.py: 1528784477.497888,
  simple.py: 1528737943.8667939, static/css/app.css: 1527258978.6899326, static/css/widgets.css: 1528877772.2266042,
  static/js/app.js: 1528877870.119074, templates/index.html: 1527253422.5379329, transcrypt/app.py: 1528877867.441555,
  transcrypt/client.py: 1528877866.6758695, transcrypt/dom.py: 1528784911.4727285,
  transcrypt/schemawidgets.py: 1528801477.666946, transcrypt/utils.py: 1528564280.7487645,
  transcrypt/widgets.py: 1528877798.7462564}
