{server.py: 1530480545.4959147, serverutils/process.py: 1530299519.7417598, serverutils/utils.py: 1530292888.8291283,
  simple.py: 1530359039.2480843, static/css/app.css: 1528979355.7641523, static/css/widgets.css: 1530367957.6233828,
  static/js/app.js: 1530480780.9419014, templates/index.html: 1530367957.4540925,
  transcrypt/app.py: 1530480777.0977454, transcrypt/board.py: 1530480776.1339903,
  transcrypt/client.py: 1530480107.4371853, transcrypt/dirbrowser.py: 1530299519.7638907,
  transcrypt/dom.py: 1530454540.0666425, transcrypt/schemawidgets.py: 1529942700.782554,
  transcrypt/utils.py: 1530454540.0666425, transcrypt/widgets.py: 1529665635.7575493}
