{server.py: 1530875672.6865306, serverutils/process.py: 1530299519.7417598, serverutils/utils.py: 1530875672.6537752,
  simple.py: 1530875672.6381466, static/css/app.css: 1528979355.7641523, static/css/widgets.css: 1530863118.6751058,
  static/js/app.js: 1530909416.2386754, templates/index.html: 1530367957.4540925,
  transcrypt/app.py: 1530909392.126611, transcrypt/board.py: 1530909242.9323635, transcrypt/client.py: 1530875672.4904892,
  transcrypt/dirbrowser.py: 1530299519.7638907, transcrypt/dom.py: 1530909079.8458853,
  transcrypt/schemawidgets.py: 1530598880.9476163, transcrypt/utils.py: 1530629249.442466,
  transcrypt/widgets.py: 1530863118.5279534}
