{server.py: 1527338388.5531123, simple.py: 1527245383.1193473, static/css/app.css: 1527258978.6899326,
  static/css/widgets.css: 1527338044.4690282, static/js/app.js: 1527338420.3145742,
  templates/index.html: 1527253422.5379329, transcrypt/app.py: 1527338418.9082172,
  transcrypt/client.py: 1527338418.3593395, transcrypt/dom.py: 1527259732.7225492,
  transcrypt/widgets.py: 1527338072.1005118}
