{server.py: 1531072229.3905442, serverutils/process.py: 1530299519.7417598, serverutils/utils.py: 1531072157.2272222,
  simple.py: 1531068752.3513985, static/css/app.css: 1528979355.7641523, static/css/widgets.css: 1531061830.0987444,
  static/js/app.js: 1531072840.0212328, templates/index.html: 1530367957.4540925,
  transcrypt/app.py: 1531072833.767481, transcrypt/board.py: 1531072833.115742, transcrypt/client.py: 1531061829.9138188,
  transcrypt/dirbrowser.py: 1530299519.7638907, transcrypt/dom.py: 1530952513.175536,
  transcrypt/schemawidgets.py: 1530598880.9476163, transcrypt/utils.py: 1531069216.3830824,
  transcrypt/widgets.py: 1530863118.5279534}
