{server.py: 1530267644.0700884, serverutils/process.py: 1529082949.410088, serverutils/utils.py: 1530265898.7132895,
  simple.py: 1530233490.508477, static/css/app.css: 1528979355.7641523, static/css/widgets.css: 1530268708.5848696,
  static/js/app.js: 1530268911.1889224, templates/index.html: 1528981493.1085827,
  transcrypt/app.py: 1530268903.8458698, transcrypt/client.py: 1530264902.2345238,
  transcrypt/dirbrowser.py: 1530268902.7546022, transcrypt/dom.py: 1529593170.882413,
  transcrypt/schemawidgets.py: 1529942700.782554, transcrypt/utils.py: 1530265305.914753,
  transcrypt/widgets.py: 1529665635.7575493}
