{server.py: 1530359039.2792237, serverutils/process.py: 1530299519.7417598, serverutils/utils.py: 1530292888.8291283,
  simple.py: 1530359039.2480843, static/css/app.css: 1528979355.7641523, static/css/widgets.css: 1530367957.6233828,
  static/js/app.js: 1530454212.9802558, templates/index.html: 1530367957.4540925,
  transcrypt/app.py: 1530454206.2108827, transcrypt/board.py: 1530454205.4771442,
  transcrypt/client.py: 1530367957.4918568, transcrypt/dirbrowser.py: 1530299519.7638907,
  transcrypt/dom.py: 1530452568.1540794, transcrypt/schemawidgets.py: 1529942700.782554,
  transcrypt/utils.py: 1530452881.5464897, transcrypt/widgets.py: 1529665635.7575493}
