{server.py: 1529418207.7844203, serverutils/process.py: 1529082949.410088, serverutils/utils.py: 1529564080.7266774,
  simple.py: 1529567044.2883544, static/css/app.css: 1528979355.7641523, static/css/widgets.css: 1529494047.5430286,
  static/js/app.js: 1529571253.4525917, templates/index.html: 1528981493.1085827,
  transcrypt/app.py: 1529571250.9957962, transcrypt/client.py: 1529570478.861274,
  transcrypt/dom.py: 1529494047.2734509, transcrypt/schemawidgets.py: 1529571240.2766783,
  transcrypt/utils.py: 1529175149.823484, transcrypt/widgets.py: 1529498858.2739305}
