{server.py: 1528269218.7350614, simple.py: 1527245383.1193473, static/css/app.css: 1527258978.6899326,
  static/css/widgets.css: 1528302449.192221, static/js/app.js: 1528302234.151002,
  templates/index.html: 1527253422.5379329, transcrypt/app.py: 1528302229.088516,
  transcrypt/client.py: 1528282707.1576405, transcrypt/dom.py: 1528300371.3629856,
  transcrypt/utils.py: 1528296339.3916016, transcrypt/widgets.py: 1528302228.8453412}
