{server.py: 1531899672.9338639, serverutils/process.py: 1530299519.7417598, serverutils/utils.py: 1531080487.0428047,
  simple.py: 1531745525.3609145, static/css/app.css: 1528979355.7641523, static/css/widgets.css: 1531750793.982314,
  static/js/app.js: 1531852047.1061609, templates/index.html: 1530367957.4540925,
  transcrypt/app.py: 1531852037.801764, transcrypt/basicboard.py: 1531515525.1018507,
  transcrypt/board.py: 1531850130.679585, transcrypt/client.py: 1531747232.1095896,
  transcrypt/dirbrowser.py: 1531750793.7817688, transcrypt/dom.py: 1531751948.0574317,
  transcrypt/schemawidgets.py: 1531139780.7377706, transcrypt/utils.py: 1531851896.3542652,
  transcrypt/widgets.py: 1531751948.0261807}
