{server.py: 1531073113.2091665, serverutils/process.py: 1530299519.7417598, serverutils/utils.py: 1531080051.2110395,
  simple.py: 1531080325.6892037, static/css/app.css: 1528979355.7641523, static/css/widgets.css: 1531061830.0987444,
  static/js/app.js: 1531078058.7132869, templates/index.html: 1530367957.4540925,
  transcrypt/app.py: 1531078052.9679165, transcrypt/board.py: 1531077684.9210467,
  transcrypt/client.py: 1531061829.9138188, transcrypt/dirbrowser.py: 1530299519.7638907,
  transcrypt/dom.py: 1531077684.9230573, transcrypt/schemawidgets.py: 1530598880.9476163,
  transcrypt/utils.py: 1531078052.5853505, transcrypt/widgets.py: 1531078052.5853505}
