{server.py: 1530545357.2546122, serverutils/process.py: 1530299519.7417598, serverutils/utils.py: 1530292888.8291283,
  simple.py: 1530359039.2480843, static/css/app.css: 1528979355.7641523, static/css/widgets.css: 1530707692.3701935,
  static/js/app.js: 1530709593.2479775, templates/index.html: 1530367957.4540925,
  transcrypt/app.py: 1530709581.9616609, transcrypt/board.py: 1530709581.124782, transcrypt/client.py: 1530598881.063275,
  transcrypt/dirbrowser.py: 1530299519.7638907, transcrypt/dom.py: 1530703505.2073383,
  transcrypt/schemawidgets.py: 1530598880.9476163, transcrypt/utils.py: 1530629249.442466,
  transcrypt/widgets.py: 1529665635.7575493}
