{server.py: 1531049104.6572165, serverutils/process.py: 1530299519.7417598, serverutils/utils.py: 1530952513.4304366,
  simple.py: 1530987696.6782856, static/css/app.css: 1528979355.7641523, static/css/widgets.css: 1530991775.8704193,
  static/js/app.js: 1531049892.0958114, templates/index.html: 1530367957.4540925,
  transcrypt/app.py: 1531049879.3628473, transcrypt/board.py: 1531049878.6613345,
  transcrypt/client.py: 1531049328.9491973, transcrypt/dirbrowser.py: 1530299519.7638907,
  transcrypt/dom.py: 1530952513.175536, transcrypt/schemawidgets.py: 1530598880.9476163,
  transcrypt/utils.py: 1530952513.175536, transcrypt/widgets.py: 1530863118.5279534}
