{server.py: 1531073113.2091665, serverutils/process.py: 1530299519.7417598, serverutils/utils.py: 1531080487.0428047,
  simple.py: 1531080487.0428047, static/css/app.css: 1528979355.7641523, static/css/widgets.css: 1531091640.1492474,
  static/js/app.js: 1531091681.0426128, templates/index.html: 1530367957.4540925,
  transcrypt/app.py: 1531091671.8656113, transcrypt/board.py: 1531091670.8655503,
  transcrypt/client.py: 1531061829.9138188, transcrypt/dirbrowser.py: 1530299519.7638907,
  transcrypt/dom.py: 1531080486.9115276, transcrypt/schemawidgets.py: 1530598880.9476163,
  transcrypt/utils.py: 1531081873.594002, transcrypt/widgets.py: 1531081688.524711}
