{server.py: 1531151163.6587985, serverutils/process.py: 1530299519.7417598, serverutils/utils.py: 1531080487.0428047,
  simple.py: 1531221647.794834, static/css/app.css: 1528979355.7641523, static/css/widgets.css: 1531222275.9567244,
  static/js/app.js: 1531221922.865136, templates/index.html: 1530367957.4540925, transcrypt/app.py: 1531221912.8523097,
  transcrypt/board.py: 1531221912.0951762, transcrypt/client.py: 1531139780.7690165,
  transcrypt/dirbrowser.py: 1530299519.7638907, transcrypt/dom.py: 1531221586.3028135,
  transcrypt/schemawidgets.py: 1531139780.7377706, transcrypt/utils.py: 1531216082.629249,
  transcrypt/widgets.py: 1531081688.524711}
