{server.py: 1531146498.8754394, serverutils/process.py: 1530299519.7417598, serverutils/utils.py: 1531080487.0428047,
  simple.py: 1531139781.0073395, static/css/app.css: 1528979355.7641523, static/css/widgets.css: 1531149920.743914,
  static/js/app.js: 1531150823.2383566, templates/index.html: 1530367957.4540925,
  transcrypt/app.py: 1531150813.4032416, transcrypt/board.py: 1531150792.5145478,
  transcrypt/client.py: 1531139780.7690165, transcrypt/dirbrowser.py: 1530299519.7638907,
  transcrypt/dom.py: 1531080486.9115276, transcrypt/schemawidgets.py: 1531139780.7377706,
  transcrypt/utils.py: 1531146498.8744383, transcrypt/widgets.py: 1531081688.524711}
