{server.py: 1529417772.418045, serverutils/process.py: 1529082949.410088, serverutils/utils.py: 1529174008.0077987,
  simple.py: 1529390043.9726093, static/css/app.css: 1528979355.7641523, static/css/widgets.css: 1529416907.2770946,
  static/js/app.js: 1529417938.3613265, templates/index.html: 1528981493.1085827,
  transcrypt/app.py: 1529417933.141649, transcrypt/client.py: 1529417932.1454763,
  transcrypt/dom.py: 1528979355.795409, transcrypt/schemawidgets.py: 1529322596.4751909,
  transcrypt/utils.py: 1529175149.823484, transcrypt/widgets.py: 1529404619.6538184}
