{server.py: 1530875672.6865306, serverutils/process.py: 1530299519.7417598, serverutils/utils.py: 1530952513.4304366,
  simple.py: 1530972779.147106, static/css/app.css: 1528979355.7641523, static/css/widgets.css: 1530959158.1427865,
  static/js/app.js: 1530970892.6828814, templates/index.html: 1530367957.4540925,
  transcrypt/app.py: 1530970874.7514193, transcrypt/board.py: 1530968891.2768254,
  transcrypt/client.py: 1530875672.4904892, transcrypt/dirbrowser.py: 1530299519.7638907,
  transcrypt/dom.py: 1530952513.175536, transcrypt/schemawidgets.py: 1530598880.9476163,
  transcrypt/utils.py: 1530952513.175536, transcrypt/widgets.py: 1530863118.5279534}
