{server.py: 1529418207.7844203, serverutils/process.py: 1529082949.410088, serverutils/utils.py: 1529571550.7631176,
  simple.py: 1529656767.261084, static/css/app.css: 1528979355.7641523, static/css/widgets.css: 1529922621.83801,
  static/js/app.js: 1529923052.8030312, templates/index.html: 1528981493.1085827,
  transcrypt/app.py: 1529923045.119383, transcrypt/client.py: 1529665635.7755609,
  transcrypt/dom.py: 1529593170.882413, transcrypt/schemawidgets.py: 1529923014.0597587,
  transcrypt/utils.py: 1529922621.6707308, transcrypt/widgets.py: 1529665635.7575493}
