{server.py: 1528642825.5287397, simple.py: 1528643245.016581, static/css/app.css: 1527258978.6899326,
  static/css/widgets.css: 1528611721.5378778, static/js/app.js: 1528643963.046009,
  templates/index.html: 1527253422.5379329, transcrypt/app.py: 1528643958.022884,
  transcrypt/client.py: 1528643957.061266, transcrypt/dom.py: 1528608695.9667432,
  transcrypt/schemawidgets.py: 1528553770.1972957, transcrypt/utils.py: 1528564280.7487645,
  transcrypt/widgets.py: 1528641232.1473968}
