{server.py: 1530795045.7883432, serverutils/process.py: 1530299519.7417598, serverutils/utils.py: 1530292888.8291283,
  simple.py: 1530359039.2480843, static/css/app.css: 1528979355.7641523, static/css/widgets.css: 1530862006.7497663,
  static/js/app.js: 1530862905.0720606, templates/index.html: 1530367957.4540925,
  transcrypt/app.py: 1530862896.528298, transcrypt/board.py: 1530862895.9728422, transcrypt/client.py: 1530779744.8979764,
  transcrypt/dirbrowser.py: 1530299519.7638907, transcrypt/dom.py: 1530725694.2270527,
  transcrypt/schemawidgets.py: 1530598880.9476163, transcrypt/utils.py: 1530629249.442466,
  transcrypt/widgets.py: 1530862487.8328333}
